100
100
100
100
100
100
100
100
100
100
90 144.155
90.0 144.155
80.0 144.155 144.42
80.0 144.155 144.42
70.0 144.155 144.42 145.17
70.0 144.155 144.42 145.17
70.0 144.155 144.42 145.17
70.0 144.155 144.42 145.17
70.0 144.155 144.42 145.17
60.0 144.155 144.42 145.17 145.19
50.0 144.155 144.42 145.17 145.19 145.295
50.0 144.155 144.42 145.17 145.19 145.295
50.0 144.155 144.42 145.17 145.19 145.295
60.03364434116055 144.42 145.17 145.19 145.295
50.03364434116055 144.42 145.17 145.19 145.295 144.91
50.03364434116055 144.42 145.17 145.19 145.295 144.91
60.04853147590643 145.17 145.19 145.295 144.91
60.04853147590643 145.17 145.19 145.295 144.91
60.04853147590643 145.17 145.19 145.295 144.91
60.04853147590643 145.17 145.19 145.295 144.91
50.04853147590643 145.17 145.19 145.295 144.91 145.02
50.04853147590643 145.17 145.19 145.295 144.91 145.02
50.04853147590643 145.17 145.19 145.295 144.91 145.02
50.04853147590643 145.17 145.19 145.295 144.91 145.02
40.04853147590643 145.17 145.19 145.295 144.91 145.02 145.42
40.04853147590643 145.17 145.19 145.295 144.91 145.02 145.42
30.04853147590643 145.17 145.19 145.295 144.91 145.02 145.42 145.28
30.04853147590643 145.17 145.19 145.295 144.91 145.02 145.42 145.28
30.04853147590643 145.17 145.19 145.295 144.91 145.02 145.42 145.28
30.04853147590643 145.17 145.19 145.295 144.91 145.02 145.42 145.28
30.04853147590643 145.17 145.19 145.295 144.91 145.02 145.42 145.28
30.04853147590643 145.17 145.19 145.295 144.91 145.02 145.42 145.28
40.05543231090746 145.17 145.19 145.295 145.02 145.42 145.28
30.055432310907463 145.17 145.19 145.295 145.02 145.42 145.28 145.35
30.055432310907463 145.17 145.19 145.295 145.02 145.42 145.28 145.35
20.055432310907463 145.17 145.19 145.295 145.02 145.42 145.28 145.35 145.35
10.055432310907463 145.17 145.19 145.295 145.02 145.42 145.28 145.35 145.35 145.365
0.055432310907463034 145.17 145.19 145.295 145.02 145.42 145.28 145.35 145.35 145.365 145.62
0.055432310907463034 145.17 145.19 145.295 145.02 145.42 145.28 145.35 145.35 145.365 145.62
0.055432310907463034 145.17 145.19 145.295 145.02 145.42 145.28 145.35 145.35 145.365 145.62
0.055432310907463034 145.17 145.19 145.295 145.02 145.42 145.28 145.35 145.35 145.365 145.62
0.055432310907463034 145.17 145.19 145.295 145.02 145.42 145.28 145.35 145.35 145.365 145.62
50.19995810902979 145.19 145.02 145.28 145.35 145.62
70.2433380068729 145.02 145.35 145.62
80.27505776966424 145.35 145.62
90.27952973388852 145.62
90.27952973388852 145.62
90.27952973388852 145.62
90.27952973388852 145.62
90.27952973388852 145.62
90.27952973388852 145.62
90.27952973388852 145.62
90.27952973388852 145.62
80.27952973388852 145.62 145.285
80.27952973388852 145.62 145.285
80.27952973388852 145.62 145.285
80.27952973388852 145.62 145.285
80.27952973388852 145.62 145.285
80.27952973388852 145.62 145.285
80.27952973388852 145.62 145.285
70.27952973388852 145.62 145.285 145.015
70.27952973388852 145.62 145.285 145.015
60.27952973388852 145.62 145.285 145.015 145.195
50.27952973388852 145.62 145.285 145.015 145.195 145.345
40.27952973388852 145.62 145.285 145.015 145.195 145.345 145.465
40.27952973388852 145.62 145.285 145.015 145.195 145.345 145.465
40.27952973388852 145.62 145.285 145.015 145.195 145.345 145.465
50.29711412171047 145.62 145.285 145.195 145.345 145.465
60.29952467303799 145.62 145.285 145.345 145.465
60.29952467303799 145.62 145.285 145.345 145.465
60.29952467303799 145.62 145.285 145.345 145.465
60.29952467303799 145.62 145.285 145.345 145.465
60.29952467303799 145.62 145.285 145.345 145.465
50.29952467303799 145.62 145.285 145.345 145.465 145.385
50.29952467303799 145.62 145.285 145.345 145.465 145.385
40.29952467303799 145.62 145.285 145.345 145.465 145.385 145.695
40.29952467303799 145.62 145.285 145.345 145.465 145.385 145.695
30.299524673037993 145.62 145.285 145.345 145.465 145.385 145.695 145.705
30.299524673037993 145.62 145.285 145.345 145.465 145.385 145.695 145.705
30.299524673037993 145.62 145.285 145.345 145.465 145.385 145.695 145.705
30.299524673037993 145.62 145.285 145.345 145.465 145.385 145.695 145.705
30.299524673037993 145.62 145.285 145.345 145.465 145.385 145.695 145.705
30.299524673037993 145.62 145.285 145.345 145.465 145.385 145.695 145.705
30.299524673037993 145.62 145.285 145.345 145.465 145.385 145.695 145.705
30.299524673037993 145.62 145.285 145.345 145.465 145.385 145.695 145.705
20.299524673037993 145.62 145.285 145.345 145.465 145.385 145.695 145.705 145.6
40.3174167454261 145.62 145.345 145.465 145.695 145.705 145.6
40.3174167454261 145.62 145.345 145.465 145.695 145.705 145.6
40.3174167454261 145.62 145.345 145.465 145.695 145.705 145.6
40.3174167454261 145.62 145.345 145.465 145.695 145.705 145.6
40.3174167454261 145.62 145.345 145.465 145.695 145.705 145.6
40.3174167454261 145.62 145.345 145.465 145.695 145.705 145.6
50.327393008799454 145.62 145.465 145.695 145.705 145.6
50.327393008799454 145.62 145.465 145.695 145.705 145.6
50.327393008799454 145.62 145.465 145.695 145.705 145.6
50.327393008799454 145.62 145.465 145.695 145.705 145.6
50.327393008799454 145.62 145.465 145.695 145.705 145.6
50.327393008799454 145.62 145.465 145.695 145.705 145.6
50.327393008799454 145.62 145.465 145.695 145.705 145.6
50.327393008799454 145.62 145.465 145.695 145.705 145.6
50.327393008799454 145.62 145.465 145.695 145.705 145.6
50.327393008799454 145.62 145.465 145.695 145.705 145.6
50.327393008799454 145.62 145.465 145.695 145.705 145.6
50.327393008799454 145.62 145.465 145.695 145.705 145.6
50.327393008799454 145.62 145.465 145.695 145.705 145.6
50.327393008799454 145.62 145.465 145.695 145.705 145.6
50.327393008799454 145.62 145.465 145.695 145.705 145.6
50.327393008799454 145.62 145.465 145.695 145.705 145.6
50.327393008799454 145.62 145.465 145.695 145.705 145.6
50.327393008799454 145.62 145.465 145.695 145.705 145.6
50.327393008799454 145.62 145.465 145.695 145.705 145.6
50.327393008799454 145.62 145.465 145.695 145.705 145.6
50.327393008799454 145.62 145.465 145.695 145.705 145.6
50.327393008799454 145.62 145.465 145.695 145.705 145.6
60.32808045938894 145.62 145.695 145.705 145.6
60.32808045938894 145.62 145.695 145.705 145.6
60.32808045938894 145.62 145.695 145.705 145.6
60.32808045938894 145.62 145.695 145.705 145.6
60.32808045938894 145.62 145.695 145.705 145.6
60.32808045938894 145.62 145.695 145.705 145.6
60.32808045938894 145.62 145.695 145.705 145.6
60.32808045938894 145.62 145.695 145.705 145.6
60.32808045938894 145.62 145.695 145.705 145.6
60.32808045938894 145.62 145.695 145.705 145.6
60.32808045938894 145.62 145.695 145.705 145.6
60.32808045938894 145.62 145.695 145.705 145.6
50.32808045938894 145.62 145.695 145.705 145.6 145.49
40.32808045938894 145.62 145.695 145.705 145.6 145.49 145.695
30.328080459388943 145.62 145.695 145.705 145.6 145.49 145.695 145.73
20.328080459388943 145.62 145.695 145.705 145.6 145.49 145.695 145.73 145.77
10.328080459388943 145.62 145.695 145.705 145.6 145.49 145.695 145.73 145.77 145.83
0.3280804593889428 145.62 145.695 145.705 145.6 145.49 145.695 145.73 145.77 145.83 145.83
0.3280804593889428 145.62 145.695 145.705 145.6 145.49 145.695 145.73 145.77 145.83 145.83
0.3280804593889428 145.62 145.695 145.705 145.6 145.49 145.695 145.73 145.77 145.83 145.83
0.3280804593889428 145.62 145.695 145.705 145.6 145.49 145.695 145.73 145.77 145.83 145.83
0.3280804593889428 145.62 145.695 145.705 145.6 145.49 145.695 145.73 145.77 145.83 145.83
0.3280804593889428 145.62 145.695 145.705 145.6 145.49 145.695 145.73 145.77 145.83 145.83
0.3280804593889428 145.62 145.695 145.705 145.6 145.49 145.695 145.73 145.77 145.83 145.83
0.3280804593889428 145.62 145.695 145.705 145.6 145.49 145.695 145.73 145.77 145.83 145.83
0.3280804593889428 145.62 145.695 145.705 145.6 145.49 145.695 145.73 145.77 145.83 145.83
0.3280804593889428 145.62 145.695 145.705 145.6 145.49 145.695 145.73 145.77 145.83 145.83
0.3280804593889428 145.62 145.695 145.705 145.6 145.49 145.695 145.73 145.77 145.83 145.83
0.3280804593889428 145.62 145.695 145.705 145.6 145.49 145.695 145.73 145.77 145.83 145.83
0.3280804593889428 145.62 145.695 145.705 145.6 145.49 145.695 145.73 145.77 145.83 145.83
0.3280804593889428 145.62 145.695 145.705 145.6 145.49 145.695 145.73 145.77 145.83 145.83
0.3280804593889428 145.62 145.695 145.705 145.6 145.49 145.695 145.73 145.77 145.83 145.83
0.3280804593889428 145.62 145.695 145.705 145.6 145.49 145.695 145.73 145.77 145.83 145.83
0.3280804593889428 145.62 145.695 145.705 145.6 145.49 145.695 145.73 145.77 145.83 145.83
0.3280804593889428 145.62 145.695 145.705 145.6 145.49 145.695 145.73 145.77 145.83 145.83
0.3280804593889428 145.62 145.695 145.705 145.6 145.49 145.695 145.73 145.77 145.83 145.83
0.3280804593889428 145.62 145.695 145.705 145.6 145.49 145.695 145.73 145.77 145.83 145.83
0.3280804593889428 145.62 145.695 145.705 145.6 145.49 145.695 145.73 145.77 145.83 145.83
0.3280804593889428 145.62 145.695 145.705 145.6 145.49 145.695 145.73 145.77 145.83 145.83
0.3280804593889428 145.62 145.695 145.705 145.6 145.49 145.695 145.73 145.77 145.83 145.83
0.3280804593889428 145.62 145.695 145.705 145.6 145.49 145.695 145.73 145.77 145.83 145.83
0.3280804593889428 145.62 145.695 145.705 145.6 145.49 145.695 145.73 145.77 145.83 145.83
0.3280804593889428 145.62 145.695 145.705 145.6 145.49 145.695 145.73 145.77 145.83 145.83
0.3280804593889428 145.62 145.695 145.705 145.6 145.49 145.695 145.73 145.77 145.83 145.83
0.3280804593889428 145.62 145.695 145.705 145.6 145.49 145.695 145.73 145.77 145.83 145.83
0.3280804593889428 145.62 145.695 145.705 145.6 145.49 145.695 145.73 145.77 145.83 145.83
0.3280804593889428 145.62 145.695 145.705 145.6 145.49 145.695 145.73 145.77 145.83 145.83
0.3280804593889428 145.62 145.695 145.705 145.6 145.49 145.695 145.73 145.77 145.83 145.83
0.3280804593889428 145.62 145.695 145.705 145.6 145.49 145.695 145.73 145.77 145.83 145.83
0.3280804593889428 145.62 145.695 145.705 145.6 145.49 145.695 145.73 145.77 145.83 145.83
0.3280804593889428 145.62 145.695 145.705 145.6 145.49 145.695 145.73 145.77 145.83 145.83
0.3280804593889428 145.62 145.695 145.705 145.6 145.49 145.695 145.73 145.77 145.83 145.83
0.3280804593889428 145.62 145.695 145.705 145.6 145.49 145.695 145.73 145.77 145.83 145.83
0.3280804593889428 145.62 145.695 145.705 145.6 145.49 145.695 145.73 145.77 145.83 145.83
0.3280804593889428 145.62 145.695 145.705 145.6 145.49 145.695 145.73 145.77 145.83 145.83
0.3280804593889428 145.62 145.695 145.705 145.6 145.49 145.695 145.73 145.77 145.83 145.83
0.3280804593889428 145.62 145.695 145.705 145.6 145.49 145.695 145.73 145.77 145.83 145.83
0.3280804593889428 145.62 145.695 145.705 145.6 145.49 145.695 145.73 145.77 145.83 145.83
0.3280804593889428 145.62 145.695 145.705 145.6 145.49 145.695 145.73 145.77 145.83 145.83
0.3280804593889428 145.62 145.695 145.705 145.6 145.49 145.695 145.73 145.77 145.83 145.83
0.3280804593889428 145.62 145.695 145.705 145.6 145.49 145.695 145.73 145.77 145.83 145.83
0.3280804593889428 145.62 145.695 145.705 145.6 145.49 145.695 145.73 145.77 145.83 145.83
0.3280804593889428 145.62 145.695 145.705 145.6 145.49 145.695 145.73 145.77 145.83 145.83
0.3280804593889428 145.62 145.695 145.705 145.6 145.49 145.695 145.73 145.77 145.83 145.83
0.3280804593889428 145.62 145.695 145.705 145.6 145.49 145.695 145.73 145.77 145.83 145.83
0.3280804593889428 145.62 145.695 145.705 145.6 145.49 145.695 145.73 145.77 145.83 145.83
0.3280804593889428 145.62 145.695 145.705 145.6 145.49 145.695 145.73 145.77 145.83 145.83
0.3280804593889428 145.62 145.695 145.705 145.6 145.49 145.695 145.73 145.77 145.83 145.83
0.3280804593889428 145.62 145.695 145.705 145.6 145.49 145.695 145.73 145.77 145.83 145.83
0.3280804593889428 145.62 145.695 145.705 145.6 145.49 145.695 145.73 145.77 145.83 145.83
0.3280804593889428 145.62 145.695 145.705 145.6 145.49 145.695 145.73 145.77 145.83 145.83
0.3280804593889428 145.62 145.695 145.705 145.6 145.49 145.695 145.73 145.77 145.83 145.83
0.3280804593889428 145.62 145.695 145.705 145.6 145.49 145.695 145.73 145.77 145.83 145.83
0.3280804593889428 145.62 145.695 145.705 145.6 145.49 145.695 145.73 145.77 145.83 145.83
0.3280804593889428 145.62 145.695 145.705 145.6 145.49 145.695 145.73 145.77 145.83 145.83
0.3280804593889428 145.62 145.695 145.705 145.6 145.49 145.695 145.73 145.77 145.83 145.83
0.3280804593889428 145.62 145.695 145.705 145.6 145.49 145.695 145.73 145.77 145.83 145.83
0.3280804593889428 145.62 145.695 145.705 145.6 145.49 145.695 145.73 145.77 145.83 145.83
0.3280804593889428 145.62 145.695 145.705 145.6 145.49 145.695 145.73 145.77 145.83 145.83
0.3280804593889428 145.62 145.695 145.705 145.6 145.49 145.695 145.73 145.77 145.83 145.83
0.3280804593889428 145.62 145.695 145.705 145.6 145.49 145.695 145.73 145.77 145.83 145.83
0.3280804593889428 145.62 145.695 145.705 145.6 145.49 145.695 145.73 145.77 145.83 145.83
0.3280804593889428 145.62 145.695 145.705 145.6 145.49 145.695 145.73 145.77 145.83 145.83
0.3280804593889428 145.62 145.695 145.705 145.6 145.49 145.695 145.73 145.77 145.83 145.83
0.3280804593889428 145.62 145.695 145.705 145.6 145.49 145.695 145.73 145.77 145.83 145.83
0.3280804593889428 145.62 145.695 145.705 145.6 145.49 145.695 145.73 145.77 145.83 145.83
0.3280804593889428 145.62 145.695 145.705 145.6 145.49 145.695 145.73 145.77 145.83 145.83
0.3280804593889428 145.62 145.695 145.705 145.6 145.49 145.695 145.73 145.77 145.83 145.83
0.3280804593889428 145.62 145.695 145.705 145.6 145.49 145.695 145.73 145.77 145.83 145.83
0.3280804593889428 145.62 145.695 145.705 145.6 145.49 145.695 145.73 145.77 145.83 145.83
0.3280804593889428 145.62 145.695 145.705 145.6 145.49 145.695 145.73 145.77 145.83 145.83
0.3280804593889428 145.62 145.695 145.705 145.6 145.49 145.695 145.73 145.77 145.83 145.83
0.3280804593889428 145.62 145.695 145.705 145.6 145.49 145.695 145.73 145.77 145.83 145.83
0.3280804593889428 145.62 145.695 145.705 145.6 145.49 145.695 145.73 145.77 145.83 145.83
0.3280804593889428 145.62 145.695 145.705 145.6 145.49 145.695 145.73 145.77 145.83 145.83
0.3280804593889428 145.62 145.695 145.705 145.6 145.49 145.695 145.73 145.77 145.83 145.83
0.3280804593889428 145.62 145.695 145.705 145.6 145.49 145.695 145.73 145.77 145.83 145.83
0.3280804593889428 145.62 145.695 145.705 145.6 145.49 145.695 145.73 145.77 145.83 145.83
0.3280804593889428 145.62 145.695 145.705 145.6 145.49 145.695 145.73 145.77 145.83 145.83
0.3280804593889428 145.62 145.695 145.705 145.6 145.49 145.695 145.73 145.77 145.83 145.83
0.3280804593889428 145.62 145.695 145.705 145.6 145.49 145.695 145.73 145.77 145.83 145.83
0.3280804593889428 145.62 145.695 145.705 145.6 145.49 145.695 145.73 145.77 145.83 145.83
0.3280804593889428 145.62 145.695 145.705 145.6 145.49 145.695 145.73 145.77 145.83 145.83
0.3280804593889428 145.62 145.695 145.705 145.6 145.49 145.695 145.73 145.77 145.83 145.83
0.3280804593889428 145.62 145.695 145.705 145.6 145.49 145.695 145.73 145.77 145.83 145.83
0.3280804593889428 145.62 145.695 145.705 145.6 145.49 145.695 145.73 145.77 145.83 145.83
0.3280804593889428 145.62 145.695 145.705 145.6 145.49 145.695 145.73 145.77 145.83 145.83
0.3280804593889428 145.62 145.695 145.705 145.6 145.49 145.695 145.73 145.77 145.83 145.83
0.3280804593889428 145.62 145.695 145.705 145.6 145.49 145.695 145.73 145.77 145.83 145.83
0.3280804593889428 145.62 145.695 145.705 145.6 145.49 145.695 145.73 145.77 145.83 145.83
0.3280804593889428 145.62 145.695 145.705 145.6 145.49 145.695 145.73 145.77 145.83 145.83
0.3280804593889428 145.62 145.695 145.705 145.6 145.49 145.695 145.73 145.77 145.83 145.83
0.3280804593889428 145.62 145.695 145.705 145.6 145.49 145.695 145.73 145.77 145.83 145.83
0.3280804593889428 145.62 145.695 145.705 145.6 145.49 145.695 145.73 145.77 145.83 145.83
0.3280804593889428 145.62 145.695 145.705 145.6 145.49 145.695 145.73 145.77 145.83 145.83
0.3280804593889428 145.62 145.695 145.705 145.6 145.49 145.695 145.73 145.77 145.83 145.83
0.3280804593889428 145.62 145.695 145.705 145.6 145.49 145.695 145.73 145.77 145.83 145.83
0.3280804593889428 145.62 145.695 145.705 145.6 145.49 145.695 145.73 145.77 145.83 145.83
0.3280804593889428 145.62 145.695 145.705 145.6 145.49 145.695 145.73 145.77 145.83 145.83
0.3280804593889428 145.62 145.695 145.705 145.6 145.49 145.695 145.73 145.77 145.83 145.83
0.3280804593889428 145.62 145.695 145.705 145.6 145.49 145.695 145.73 145.77 145.83 145.83
0.3280804593889428 145.62 145.695 145.705 145.6 145.49 145.695 145.73 145.77 145.83 145.83
0.3280804593889428 145.62 145.695 145.705 145.6 145.49 145.695 145.73 145.77 145.83 145.83
0.3280804593889428 145.62 145.695 145.705 145.6 145.49 145.695 145.73 145.77 145.83 145.83
0.3280804593889428 145.62 145.695 145.705 145.6 145.49 145.695 145.73 145.77 145.83 145.83
0.3280804593889428 145.62 145.695 145.705 145.6 145.49 145.695 145.73 145.77 145.83 145.83
0.3280804593889428 145.62 145.695 145.705 145.6 145.49 145.695 145.73 145.77 145.83 145.83
0.3280804593889428 145.62 145.695 145.705 145.6 145.49 145.695 145.73 145.77 145.83 145.83
0.3280804593889428 145.62 145.695 145.705 145.6 145.49 145.695 145.73 145.77 145.83 145.83
0.3280804593889428 145.62 145.695 145.705 145.6 145.49 145.695 145.73 145.77 145.83 145.83
0.3280804593889428 145.62 145.695 145.705 145.6 145.49 145.695 145.73 145.77 145.83 145.83
0.3280804593889428 145.62 145.695 145.705 145.6 145.49 145.695 145.73 145.77 145.83 145.83
0.3280804593889428 145.62 145.695 145.705 145.6 145.49 145.695 145.73 145.77 145.83 145.83
0.3280804593889428 145.62 145.695 145.705 145.6 145.49 145.695 145.73 145.77 145.83 145.83
0.3280804593889428 145.62 145.695 145.705 145.6 145.49 145.695 145.73 145.77 145.83 145.83
0.3280804593889428 145.62 145.695 145.705 145.6 145.49 145.695 145.73 145.77 145.83 145.83
0.3280804593889428 145.62 145.695 145.705 145.6 145.49 145.695 145.73 145.77 145.83 145.83
0.3280804593889428 145.62 145.695 145.705 145.6 145.49 145.695 145.73 145.77 145.83 145.83
0.3280804593889428 145.62 145.695 145.705 145.6 145.49 145.695 145.73 145.77 145.83 145.83
0.3280804593889428 145.62 145.695 145.705 145.6 145.49 145.695 145.73 145.77 145.83 145.83
0.3280804593889428 145.62 145.695 145.705 145.6 145.49 145.695 145.73 145.77 145.83 145.83
0.3280804593889428 145.62 145.695 145.705 145.6 145.49 145.695 145.73 145.77 145.83 145.83
0.3280804593889428 145.62 145.695 145.705 145.6 145.49 145.695 145.73 145.77 145.83 145.83
0.3280804593889428 145.62 145.695 145.705 145.6 145.49 145.695 145.73 145.77 145.83 145.83
0.3280804593889428 145.62 145.695 145.705 145.6 145.49 145.695 145.73 145.77 145.83 145.83
0.3280804593889428 145.62 145.695 145.705 145.6 145.49 145.695 145.73 145.77 145.83 145.83
0.3280804593889428 145.62 145.695 145.705 145.6 145.49 145.695 145.73 145.77 145.83 145.83
0.3280804593889428 145.62 145.695 145.705 145.6 145.49 145.695 145.73 145.77 145.83 145.83
0.3280804593889428 145.62 145.695 145.705 145.6 145.49 145.695 145.73 145.77 145.83 145.83
0.3280804593889428 145.62 145.695 145.705 145.6 145.49 145.695 145.73 145.77 145.83 145.83
0.3280804593889428 145.62 145.695 145.705 145.6 145.49 145.695 145.73 145.77 145.83 145.83
0.3280804593889428 145.62 145.695 145.705 145.6 145.49 145.695 145.73 145.77 145.83 145.83
0.3280804593889428 145.62 145.695 145.705 145.6 145.49 145.695 145.73 145.77 145.83 145.83
0.3280804593889428 145.62 145.695 145.705 145.6 145.49 145.695 145.73 145.77 145.83 145.83
0.3280804593889428 145.62 145.695 145.705 145.6 145.49 145.695 145.73 145.77 145.83 145.83
0.3280804593889428 145.62 145.695 145.705 145.6 145.49 145.695 145.73 145.77 145.83 145.83
0.3280804593889428 145.62 145.695 145.705 145.6 145.49 145.695 145.73 145.77 145.83 145.83
0.3280804593889428 145.62 145.695 145.705 145.6 145.49 145.695 145.73 145.77 145.83 145.83
0.3280804593889428 145.62 145.695 145.705 145.6 145.49 145.695 145.73 145.77 145.83 145.83
0.3280804593889428 145.62 145.695 145.705 145.6 145.49 145.695 145.73 145.77 145.83 145.83
0.3280804593889428 145.62 145.695 145.705 145.6 145.49 145.695 145.73 145.77 145.83 145.83
0.3280804593889428 145.62 145.695 145.705 145.6 145.49 145.695 145.73 145.77 145.83 145.83
0.3280804593889428 145.62 145.695 145.705 145.6 145.49 145.695 145.73 145.77 145.83 145.83
0.3280804593889428 145.62 145.695 145.705 145.6 145.49 145.695 145.73 145.77 145.83 145.83
0.3280804593889428 145.62 145.695 145.705 145.6 145.49 145.695 145.73 145.77 145.83 145.83
0.3280804593889428 145.62 145.695 145.705 145.6 145.49 145.695 145.73 145.77 145.83 145.83
0.3280804593889428 145.62 145.695 145.705 145.6 145.49 145.695 145.73 145.77 145.83 145.83
0.3280804593889428 145.62 145.695 145.705 145.6 145.49 145.695 145.73 145.77 145.83 145.83
0.3280804593889428 145.62 145.695 145.705 145.6 145.49 145.695 145.73 145.77 145.83 145.83
0.3280804593889428 145.62 145.695 145.705 145.6 145.49 145.695 145.73 145.77 145.83 145.83
0.3280804593889428 145.62 145.695 145.705 145.6 145.49 145.695 145.73 145.77 145.83 145.83
0.3280804593889428 145.62 145.695 145.705 145.6 145.49 145.695 145.73 145.77 145.83 145.83
0.3280804593889428 145.62 145.695 145.705 145.6 145.49 145.695 145.73 145.77 145.83 145.83
0.3280804593889428 145.62 145.695 145.705 145.6 145.49 145.695 145.73 145.77 145.83 145.83
0.3280804593889428 145.62 145.695 145.705 145.6 145.49 145.695 145.73 145.77 145.83 145.83
0.3280804593889428 145.62 145.695 145.705 145.6 145.49 145.695 145.73 145.77 145.83 145.83
0.3280804593889428 145.62 145.695 145.705 145.6 145.49 145.695 145.73 145.77 145.83 145.83
0.3280804593889428 145.62 145.695 145.705 145.6 145.49 145.695 145.73 145.77 145.83 145.83
0.3280804593889428 145.62 145.695 145.705 145.6 145.49 145.695 145.73 145.77 145.83 145.83
0.3280804593889428 145.62 145.695 145.705 145.6 145.49 145.695 145.73 145.77 145.83 145.83
0.3280804593889428 145.62 145.695 145.705 145.6 145.49 145.695 145.73 145.77 145.83 145.83
0.3280804593889428 145.62 145.695 145.705 145.6 145.49 145.695 145.73 145.77 145.83 145.83
0.3280804593889428 145.62 145.695 145.705 145.6 145.49 145.695 145.73 145.77 145.83 145.83
0.3280804593889428 145.62 145.695 145.705 145.6 145.49 145.695 145.73 145.77 145.83 145.83
0.3280804593889428 145.62 145.695 145.705 145.6 145.49 145.695 145.73 145.77 145.83 145.83
0.3280804593889428 145.62 145.695 145.705 145.6 145.49 145.695 145.73 145.77 145.83 145.83
0.3280804593889428 145.62 145.695 145.705 145.6 145.49 145.695 145.73 145.77 145.83 145.83
0.3280804593889428 145.62 145.695 145.705 145.6 145.49 145.695 145.73 145.77 145.83 145.83
0.3280804593889428 145.62 145.695 145.705 145.6 145.49 145.695 145.73 145.77 145.83 145.83
0.3280804593889428 145.62 145.695 145.705 145.6 145.49 145.695 145.73 145.77 145.83 145.83
0.3280804593889428 145.62 145.695 145.705 145.6 145.49 145.695 145.73 145.77 145.83 145.83
0.3280804593889428 145.62 145.695 145.705 145.6 145.49 145.695 145.73 145.77 145.83 145.83
0.3280804593889428 145.62 145.695 145.705 145.6 145.49 145.695 145.73 145.77 145.83 145.83
0.3280804593889428 145.62 145.695 145.705 145.6 145.49 145.695 145.73 145.77 145.83 145.83
0.3280804593889428 145.62 145.695 145.705 145.6 145.49 145.695 145.73 145.77 145.83 145.83
0.3280804593889428 145.62 145.695 145.705 145.6 145.49 145.695 145.73 145.77 145.83 145.83
0.3280804593889428 145.62 145.695 145.705 145.6 145.49 145.695 145.73 145.77 145.83 145.83
0.3280804593889428 145.62 145.695 145.705 145.6 145.49 145.695 145.73 145.77 145.83 145.83
0.3280804593889428 145.62 145.695 145.705 145.6 145.49 145.695 145.73 145.77 145.83 145.83
0.3280804593889428 145.62 145.695 145.705 145.6 145.49 145.695 145.73 145.77 145.83 145.83
0.3280804593889428 145.62 145.695 145.705 145.6 145.49 145.695 145.73 145.77 145.83 145.83
0.3280804593889428 145.62 145.695 145.705 145.6 145.49 145.695 145.73 145.77 145.83 145.83
0.3280804593889428 145.62 145.695 145.705 145.6 145.49 145.695 145.73 145.77 145.83 145.83
0.3280804593889428 145.62 145.695 145.705 145.6 145.49 145.695 145.73 145.77 145.83 145.83
0.3280804593889428 145.62 145.695 145.705 145.6 145.49 145.695 145.73 145.77 145.83 145.83
0.3280804593889428 145.62 145.695 145.705 145.6 145.49 145.695 145.73 145.77 145.83 145.83
0.3280804593889428 145.62 145.695 145.705 145.6 145.49 145.695 145.73 145.77 145.83 145.83
0.3280804593889428 145.62 145.695 145.705 145.6 145.49 145.695 145.73 145.77 145.83 145.83
0.3280804593889428 145.62 145.695 145.705 145.6 145.49 145.695 145.73 145.77 145.83 145.83
0.3280804593889428 145.62 145.695 145.705 145.6 145.49 145.695 145.73 145.77 145.83 145.83
0.3280804593889428 145.62 145.695 145.705 145.6 145.49 145.695 145.73 145.77 145.83 145.83
0.3280804593889428 145.62 145.695 145.705 145.6 145.49 145.695 145.73 145.77 145.83 145.83
0.3280804593889428 145.62 145.695 145.705 145.6 145.49 145.695 145.73 145.77 145.83 145.83
0.3280804593889428 145.62 145.695 145.705 145.6 145.49 145.695 145.73 145.77 145.83 145.83
0.3280804593889428 145.62 145.695 145.705 145.6 145.49 145.695 145.73 145.77 145.83 145.83
0.3280804593889428 145.62 145.695 145.705 145.6 145.49 145.695 145.73 145.77 145.83 145.83
0.3280804593889428 145.62 145.695 145.705 145.6 145.49 145.695 145.73 145.77 145.83 145.83
0.3280804593889428 145.62 145.695 145.705 145.6 145.49 145.695 145.73 145.77 145.83 145.83
0.3280804593889428 145.62 145.695 145.705 145.6 145.49 145.695 145.73 145.77 145.83 145.83
0.3280804593889428 145.62 145.695 145.705 145.6 145.49 145.695 145.73 145.77 145.83 145.83
0.3280804593889428 145.62 145.695 145.705 145.6 145.49 145.695 145.73 145.77 145.83 145.83
0.3280804593889428 145.62 145.695 145.705 145.6 145.49 145.695 145.73 145.77 145.83 145.83
0.3280804593889428 145.62 145.695 145.705 145.6 145.49 145.695 145.73 145.77 145.83 145.83
0.3280804593889428 145.62 145.695 145.705 145.6 145.49 145.695 145.73 145.77 145.83 145.83
0.3280804593889428 145.62 145.695 145.705 145.6 145.49 145.695 145.73 145.77 145.83 145.83
0.3280804593889428 145.62 145.695 145.705 145.6 145.49 145.695 145.73 145.77 145.83 145.83
0.3280804593889428 145.62 145.695 145.705 145.6 145.49 145.695 145.73 145.77 145.83 145.83
0.3280804593889428 145.62 145.695 145.705 145.6 145.49 145.695 145.73 145.77 145.83 145.83
0.3280804593889428 145.62 145.695 145.705 145.6 145.49 145.695 145.73 145.77 145.83 145.83
0.3280804593889428 145.62 145.695 145.705 145.6 145.49 145.695 145.73 145.77 145.83 145.83
0.3280804593889428 145.62 145.695 145.705 145.6 145.49 145.695 145.73 145.77 145.83 145.83
0.3280804593889428 145.62 145.695 145.705 145.6 145.49 145.695 145.73 145.77 145.83 145.83
0.3280804593889428 145.62 145.695 145.705 145.6 145.49 145.695 145.73 145.77 145.83 145.83
0.3280804593889428 145.62 145.695 145.705 145.6 145.49 145.695 145.73 145.77 145.83 145.83
0.3280804593889428 145.62 145.695 145.705 145.6 145.49 145.695 145.73 145.77 145.83 145.83
0.3280804593889428 145.62 145.695 145.705 145.6 145.49 145.695 145.73 145.77 145.83 145.83
0.3280804593889428 145.62 145.695 145.705 145.6 145.49 145.695 145.73 145.77 145.83 145.83
0.3280804593889428 145.62 145.695 145.705 145.6 145.49 145.695 145.73 145.77 145.83 145.83
0.3280804593889428 145.62 145.695 145.705 145.6 145.49 145.695 145.73 145.77 145.83 145.83
0.3280804593889428 145.62 145.695 145.705 145.6 145.49 145.695 145.73 145.77 145.83 145.83
0.3280804593889428 145.62 145.695 145.705 145.6 145.49 145.695 145.73 145.77 145.83 145.83
0.3280804593889428 145.62 145.695 145.705 145.6 145.49 145.695 145.73 145.77 145.83 145.83
0.3280804593889428 145.62 145.695 145.705 145.6 145.49 145.695 145.73 145.77 145.83 145.83
0.3280804593889428 145.62 145.695 145.705 145.6 145.49 145.695 145.73 145.77 145.83 145.83
0.3280804593889428 145.62 145.695 145.705 145.6 145.49 145.695 145.73 145.77 145.83 145.83
0.3280804593889428 145.62 145.695 145.705 145.6 145.49 145.695 145.73 145.77 145.83 145.83
0.3280804593889428 145.62 145.695 145.705 145.6 145.49 145.695 145.73 145.77 145.83 145.83
0.3280804593889428 145.62 145.695 145.705 145.6 145.49 145.695 145.73 145.77 145.83 145.83
0.3280804593889428 145.62 145.695 145.705 145.6 145.49 145.695 145.73 145.77 145.83 145.83
0.3280804593889428 145.62 145.695 145.705 145.6 145.49 145.695 145.73 145.77 145.83 145.83
0.3280804593889428 145.62 145.695 145.705 145.6 145.49 145.695 145.73 145.77 145.83 145.83
0.3280804593889428 145.62 145.695 145.705 145.6 145.49 145.695 145.73 145.77 145.83 145.83
0.3280804593889428 145.62 145.695 145.705 145.6 145.49 145.695 145.73 145.77 145.83 145.83
0.3280804593889428 145.62 145.695 145.705 145.6 145.49 145.695 145.73 145.77 145.83 145.83
0.3280804593889428 145.62 145.695 145.705 145.6 145.49 145.695 145.73 145.77 145.83 145.83
0.3280804593889428 145.62 145.695 145.705 145.6 145.49 145.695 145.73 145.77 145.83 145.83
0.3280804593889428 145.62 145.695 145.705 145.6 145.49 145.695 145.73 145.77 145.83 145.83
0.3280804593889428 145.62 145.695 145.705 145.6 145.49 145.695 145.73 145.77 145.83 145.83
0.3280804593889428 145.62 145.695 145.705 145.6 145.49 145.695 145.73 145.77 145.83 145.83
0.3280804593889428 145.62 145.695 145.705 145.6 145.49 145.695 145.73 145.77 145.83 145.83
0.3280804593889428 145.62 145.695 145.705 145.6 145.49 145.695 145.73 145.77 145.83 145.83
0.3280804593889428 145.62 145.695 145.705 145.6 145.49 145.695 145.73 145.77 145.83 145.83
0.3280804593889428 145.62 145.695 145.705 145.6 145.49 145.695 145.73 145.77 145.83 145.83
0.3280804593889428 145.62 145.695 145.705 145.6 145.49 145.695 145.73 145.77 145.83 145.83
