100
90 209.59
90.0 209.59
90.0 209.59
90.0 209.59
90.0 209.59
90.0 209.59
90.0 209.59
90.0 209.59
90.0 209.59
90.0 209.59
90.0 209.59
90.0 209.59
80.0 209.59 204.83
70.0 209.59 204.83 204.67
60.0 209.59 204.83 204.67 204.88
50.0 209.59 204.83 204.67 204.88 205.17
50.0 209.59 204.83 204.67 204.88 205.17
40.0 209.59 204.83 204.67 204.88 205.17 205.87
40.0 209.59 204.83 204.67 204.88 205.17 205.87
40.0 209.59 204.83 204.67 204.88 205.17 205.87
40.0 209.59 204.83 204.67 204.88 205.17 205.87
40.0 209.59 204.83 204.67 204.88 205.17 205.87
40.0 209.59 204.83 204.67 204.88 205.17 205.87
40.0 209.59 204.83 204.67 204.88 205.17 205.87
40.0 209.59 204.83 204.67 204.88 205.17 205.87
40.0 209.59 204.83 204.67 204.88 205.17 205.87
40.0 209.59 204.83 204.67 204.88 205.17 205.87
40.0 209.59 204.83 204.67 204.88 205.17 205.87
40.0 209.59 204.83 204.67 204.88 205.17 205.87
30.0 209.59 204.83 204.67 204.88 205.17 205.87 206.03
50.052232365224796 209.59 204.67 205.17 205.87 206.03
50.052232365224796 209.59 204.67 205.17 205.87 206.03
50.052232365224796 209.59 204.67 205.17 205.87 206.03
50.052232365224796 209.59 204.67 205.17 205.87 206.03
40.052232365224796 209.59 204.67 205.17 205.87 206.03 207.55
40.052232365224796 209.59 204.67 205.17 205.87 206.03 207.55
40.052232365224796 209.59 204.67 205.17 205.87 206.03 207.55
40.052232365224796 209.59 204.67 205.17 205.87 206.03 207.55
40.052232365224796 209.59 204.67 205.17 205.87 206.03 207.55
40.052232365224796 209.59 204.67 205.17 205.87 206.03 207.55
70.4565698862572 209.59 205.17 206.03
80.62082391949792 209.59 206.03
80.62082391949792 209.59 206.03
80.62082391949792 209.59 206.03
70.62082391949792 209.59 206.03 211.0
80.6546995815047 206.03 211.0
80.6546995815047 206.03 211.0
80.6546995815047 206.03 211.0
80.6546995815047 206.03 211.0
80.6546995815047 206.03 211.0
90.81778262766302 211.0
90.81778262766302 211.0
90.81778262766302 211.0
90.81778262766302 211.0
90.81778262766302 211.0
90.81778262766302 211.0
90.81778262766302 211.0
90.81778262766302 211.0
90.81778262766302 211.0
90.81778262766302 211.0
80.81778262766302 211.0 208.03
80.81778262766302 211.0 208.03
70.81778262766302 211.0 208.03 208.85
60.81778262766302 211.0 208.03 208.85 208.87
50.81778262766302 211.0 208.03 208.85 208.87 209.5
40.81778262766302 211.0 208.03 208.85 208.87 209.5 210.52
30.81778262766302 211.0 208.03 208.85 208.87 209.5 210.52 210.5
50.9718582108144 211.0 208.85 209.5 210.52 210.5
50.9718582108144 211.0 208.85 209.5 210.52 210.5
50.9718582108144 211.0 208.85 209.5 210.52 210.5
50.9718582108144 211.0 208.85 209.5 210.52 210.5
40.9718582108144 211.0 208.85 209.5 210.52 210.5 211.08
61.072804095307774 211.0 209.5 210.5 211.08
61.072804095307774 211.0 209.5 210.5 211.08
61.072804095307774 211.0 209.5 210.5 211.08
81.17911945818784 209.5 211.08
81.17911945818784 209.5 211.08
91.27744881379644 211.08
91.27744881379644 211.08
91.27744881379644 211.08
91.27744881379644 211.08
91.27744881379644 211.08
91.27744881379644 211.08
91.27744881379644 211.08
81.27744881379644 211.08 213.43
81.27744881379644 211.08 213.43
91.35514447420955 213.43
91.35514447420955 213.43
91.35514447420955 213.43
91.35514447420955 213.43
91.35514447420955 213.43
91.35514447420955 213.43
81.35514447420955 213.43 213.43
71.35514447420955 213.43 213.43 214.03
61.35514447420955 213.43 213.43 214.03 214.22
61.35514447420955 213.43 213.43 214.03 214.22
61.35514447420955 213.43 213.43 214.03 214.22
61.35514447420955 213.43 213.43 214.03 214.22
51.35514447420955 213.43 213.43 214.03 214.22 214.62
41.35514447420955 213.43 213.43 214.03 214.22 214.62 214.965
31.355144474209553 213.43 213.43 214.03 214.22 214.62 214.965 215.5
31.355144474209553 213.43 213.43 214.03 214.22 214.62 214.965 215.5
31.355144474209553 213.43 213.43 214.03 214.22 214.62 214.965 215.5
51.436595164982386 213.43 214.22 214.62 214.965 215.5
61.469861341246265 214.22 214.62 214.965 215.5
61.469861341246265 214.22 214.62 214.965 215.5
61.469861341246265 214.22 214.62 214.965 215.5
61.469861341246265 214.22 214.62 214.965 215.5
61.469861341246265 214.22 214.62 214.965 215.5
61.469861341246265 214.22 214.62 214.965 215.5
51.469861341246265 214.22 214.62 214.965 215.5 214.99
51.469861341246265 214.22 214.62 214.965 215.5 214.99
41.469861341246265 214.22 214.62 214.965 215.5 214.99 214.93
31.469861341246265 214.22 214.62 214.965 215.5 214.99 214.93 215.52
31.469861341246265 214.22 214.62 214.965 215.5 214.99 214.93 215.52
31.469861341246265 214.22 214.62 214.965 215.5 214.99 214.93 215.52
31.469861341246265 214.22 214.62 214.965 215.5 214.99 214.93 215.52
31.469861341246265 214.22 214.62 214.965 215.5 214.99 214.93 215.52
31.469861341246265 214.22 214.62 214.965 215.5 214.99 214.93 215.52
31.469861341246265 214.22 214.62 214.965 215.5 214.99 214.93 215.52
31.469861341246265 214.22 214.62 214.965 215.5 214.99 214.93 215.52
31.469861341246265 214.22 214.62 214.965 215.5 214.99 214.93 215.52
31.469861341246265 214.22 214.62 214.965 215.5 214.99 214.93 215.52
31.469861341246265 214.22 214.62 214.965 215.5 214.99 214.93 215.52
31.469861341246265 214.22 214.62 214.965 215.5 214.99 214.93 215.52
31.469861341246265 214.22 214.62 214.965 215.5 214.99 214.93 215.52
31.469861341246265 214.22 214.62 214.965 215.5 214.99 214.93 215.52
31.469861341246265 214.22 214.62 214.965 215.5 214.99 214.93 215.52
21.469861341246265 214.22 214.62 214.965 215.5 214.99 214.93 215.52 214.38
21.469861341246265 214.22 214.62 214.965 215.5 214.99 214.93 215.52 214.38
21.469861341246265 214.22 214.62 214.965 215.5 214.99 214.93 215.52 214.38
21.469861341246265 214.22 214.62 214.965 215.5 214.99 214.93 215.52 214.38
21.469861341246265 214.22 214.62 214.965 215.5 214.99 214.93 215.52 214.38
21.469861341246265 214.22 214.62 214.965 215.5 214.99 214.93 215.52 214.38
21.469861341246265 214.22 214.62 214.965 215.5 214.99 214.93 215.52 214.38
21.469861341246265 214.22 214.62 214.965 215.5 214.99 214.93 215.52 214.38
21.469861341246265 214.22 214.62 214.965 215.5 214.99 214.93 215.52 214.38
21.469861341246265 214.22 214.62 214.965 215.5 214.99 214.93 215.52 214.38
21.469861341246265 214.22 214.62 214.965 215.5 214.99 214.93 215.52 214.38
21.469861341246265 214.22 214.62 214.965 215.5 214.99 214.93 215.52 214.38
21.469861341246265 214.22 214.62 214.965 215.5 214.99 214.93 215.52 214.38
21.469861341246265 214.22 214.62 214.965 215.5 214.99 214.93 215.52 214.38
21.469861341246265 214.22 214.62 214.965 215.5 214.99 214.93 215.52 214.38
21.469861341246265 214.22 214.62 214.965 215.5 214.99 214.93 215.52 214.38
21.469861341246265 214.22 214.62 214.965 215.5 214.99 214.93 215.52 214.38
21.469861341246265 214.22 214.62 214.965 215.5 214.99 214.93 215.52 214.38
21.469861341246265 214.22 214.62 214.965 215.5 214.99 214.93 215.52 214.38
21.469861341246265 214.22 214.62 214.965 215.5 214.99 214.93 215.52 214.38
21.469861341246265 214.22 214.62 214.965 215.5 214.99 214.93 215.52 214.38
21.469861341246265 214.22 214.62 214.965 215.5 214.99 214.93 215.52 214.38
11.469861341246265 214.22 214.62 214.965 215.5 214.99 214.93 215.52 214.38 211.13
1.4698613412462649 214.22 214.62 214.965 215.5 214.99 214.93 215.52 214.38 211.13 211.18
1.4698613412462649 214.22 214.62 214.965 215.5 214.99 214.93 215.52 214.38 211.13 211.18
1.4698613412462649 214.22 214.62 214.965 215.5 214.99 214.93 215.52 214.38 211.13 211.18
1.4698613412462649 214.22 214.62 214.965 215.5 214.99 214.93 215.52 214.38 211.13 211.18
1.4698613412462649 214.22 214.62 214.965 215.5 214.99 214.93 215.52 214.38 211.13 211.18
1.4698613412462649 214.22 214.62 214.965 215.5 214.99 214.93 215.52 214.38 211.13 211.18
1.4698613412462649 214.22 214.62 214.965 215.5 214.99 214.93 215.52 214.38 211.13 211.18
1.4698613412462649 214.22 214.62 214.965 215.5 214.99 214.93 215.52 214.38 211.13 211.18
1.4698613412462649 214.22 214.62 214.965 215.5 214.99 214.93 215.52 214.38 211.13 211.18
1.4698613412462649 214.22 214.62 214.965 215.5 214.99 214.93 215.52 214.38 211.13 211.18
1.4698613412462649 214.22 214.62 214.965 215.5 214.99 214.93 215.52 214.38 211.13 211.18
1.4698613412462649 214.22 214.62 214.965 215.5 214.99 214.93 215.52 214.38 211.13 211.18
1.4698613412462649 214.22 214.62 214.965 215.5 214.99 214.93 215.52 214.38 211.13 211.18
1.4698613412462649 214.22 214.62 214.965 215.5 214.99 214.93 215.52 214.38 211.13 211.18
1.4698613412462649 214.22 214.62 214.965 215.5 214.99 214.93 215.52 214.38 211.13 211.18
1.4698613412462649 214.22 214.62 214.965 215.5 214.99 214.93 215.52 214.38 211.13 211.18
1.4698613412462649 214.22 214.62 214.965 215.5 214.99 214.93 215.52 214.38 211.13 211.18
1.4698613412462649 214.22 214.62 214.965 215.5 214.99 214.93 215.52 214.38 211.13 211.18
1.4698613412462649 214.22 214.62 214.965 215.5 214.99 214.93 215.52 214.38 211.13 211.18
1.4698613412462649 214.22 214.62 214.965 215.5 214.99 214.93 215.52 214.38 211.13 211.18
1.4698613412462649 214.22 214.62 214.965 215.5 214.99 214.93 215.52 214.38 211.13 211.18
1.4698613412462649 214.22 214.62 214.965 215.5 214.99 214.93 215.52 214.38 211.13 211.18
1.4698613412462649 214.22 214.62 214.965 215.5 214.99 214.93 215.52 214.38 211.13 211.18
1.4698613412462649 214.22 214.62 214.965 215.5 214.99 214.93 215.52 214.38 211.13 211.18
1.4698613412462649 214.22 214.62 214.965 215.5 214.99 214.93 215.52 214.38 211.13 211.18
1.4698613412462649 214.22 214.62 214.965 215.5 214.99 214.93 215.52 214.38 211.13 211.18
1.4698613412462649 214.22 214.62 214.965 215.5 214.99 214.93 215.52 214.38 211.13 211.18
1.4698613412462649 214.22 214.62 214.965 215.5 214.99 214.93 215.52 214.38 211.13 211.18
1.4698613412462649 214.22 214.62 214.965 215.5 214.99 214.93 215.52 214.38 211.13 211.18
1.4698613412462649 214.22 214.62 214.965 215.5 214.99 214.93 215.52 214.38 211.13 211.18
1.4698613412462649 214.22 214.62 214.965 215.5 214.99 214.93 215.52 214.38 211.13 211.18
1.4698613412462649 214.22 214.62 214.965 215.5 214.99 214.93 215.52 214.38 211.13 211.18
1.4698613412462649 214.22 214.62 214.965 215.5 214.99 214.93 215.52 214.38 211.13 211.18
1.4698613412462649 214.22 214.62 214.965 215.5 214.99 214.93 215.52 214.38 211.13 211.18
1.4698613412462649 214.22 214.62 214.965 215.5 214.99 214.93 215.52 214.38 211.13 211.18
1.4698613412462649 214.22 214.62 214.965 215.5 214.99 214.93 215.52 214.38 211.13 211.18
1.4698613412462649 214.22 214.62 214.965 215.5 214.99 214.93 215.52 214.38 211.13 211.18
1.4698613412462649 214.22 214.62 214.965 215.5 214.99 214.93 215.52 214.38 211.13 211.18
1.4698613412462649 214.22 214.62 214.965 215.5 214.99 214.93 215.52 214.38 211.13 211.18
1.4698613412462649 214.22 214.62 214.965 215.5 214.99 214.93 215.52 214.38 211.13 211.18
1.4698613412462649 214.22 214.62 214.965 215.5 214.99 214.93 215.52 214.38 211.13 211.18
1.4698613412462649 214.22 214.62 214.965 215.5 214.99 214.93 215.52 214.38 211.13 211.18
1.4698613412462649 214.22 214.62 214.965 215.5 214.99 214.93 215.52 214.38 211.13 211.18
1.4698613412462649 214.22 214.62 214.965 215.5 214.99 214.93 215.52 214.38 211.13 211.18
1.4698613412462649 214.22 214.62 214.965 215.5 214.99 214.93 215.52 214.38 211.13 211.18
1.4698613412462649 214.22 214.62 214.965 215.5 214.99 214.93 215.52 214.38 211.13 211.18
1.4698613412462649 214.22 214.62 214.965 215.5 214.99 214.93 215.52 214.38 211.13 211.18
1.4698613412462649 214.22 214.62 214.965 215.5 214.99 214.93 215.52 214.38 211.13 211.18
1.4698613412462649 214.22 214.62 214.965 215.5 214.99 214.93 215.52 214.38 211.13 211.18
1.4698613412462649 214.22 214.62 214.965 215.5 214.99 214.93 215.52 214.38 211.13 211.18
1.4698613412462649 214.22 214.62 214.965 215.5 214.99 214.93 215.52 214.38 211.13 211.18
1.4698613412462649 214.22 214.62 214.965 215.5 214.99 214.93 215.52 214.38 211.13 211.18
1.4698613412462649 214.22 214.62 214.965 215.5 214.99 214.93 215.52 214.38 211.13 211.18
1.4698613412462649 214.22 214.62 214.965 215.5 214.99 214.93 215.52 214.38 211.13 211.18
1.4698613412462649 214.22 214.62 214.965 215.5 214.99 214.93 215.52 214.38 211.13 211.18
1.4698613412462649 214.22 214.62 214.965 215.5 214.99 214.93 215.52 214.38 211.13 211.18
1.4698613412462649 214.22 214.62 214.965 215.5 214.99 214.93 215.52 214.38 211.13 211.18
1.4698613412462649 214.22 214.62 214.965 215.5 214.99 214.93 215.52 214.38 211.13 211.18
1.4698613412462649 214.22 214.62 214.965 215.5 214.99 214.93 215.52 214.38 211.13 211.18
1.4698613412462649 214.22 214.62 214.965 215.5 214.99 214.93 215.52 214.38 211.13 211.18
1.4698613412462649 214.22 214.62 214.965 215.5 214.99 214.93 215.52 214.38 211.13 211.18
1.4698613412462649 214.22 214.62 214.965 215.5 214.99 214.93 215.52 214.38 211.13 211.18
1.4698613412462649 214.22 214.62 214.965 215.5 214.99 214.93 215.52 214.38 211.13 211.18
1.4698613412462649 214.22 214.62 214.965 215.5 214.99 214.93 215.52 214.38 211.13 211.18
1.4698613412462649 214.22 214.62 214.965 215.5 214.99 214.93 215.52 214.38 211.13 211.18
1.4698613412462649 214.22 214.62 214.965 215.5 214.99 214.93 215.52 214.38 211.13 211.18
1.4698613412462649 214.22 214.62 214.965 215.5 214.99 214.93 215.52 214.38 211.13 211.18
1.4698613412462649 214.22 214.62 214.965 215.5 214.99 214.93 215.52 214.38 211.13 211.18
1.4698613412462649 214.22 214.62 214.965 215.5 214.99 214.93 215.52 214.38 211.13 211.18
1.4698613412462649 214.22 214.62 214.965 215.5 214.99 214.93 215.52 214.38 211.13 211.18
1.4698613412462649 214.22 214.62 214.965 215.5 214.99 214.93 215.52 214.38 211.13 211.18
1.4698613412462649 214.22 214.62 214.965 215.5 214.99 214.93 215.52 214.38 211.13 211.18
1.4698613412462649 214.22 214.62 214.965 215.5 214.99 214.93 215.52 214.38 211.13 211.18
1.4698613412462649 214.22 214.62 214.965 215.5 214.99 214.93 215.52 214.38 211.13 211.18
1.4698613412462649 214.22 214.62 214.965 215.5 214.99 214.93 215.52 214.38 211.13 211.18
1.4698613412462649 214.22 214.62 214.965 215.5 214.99 214.93 215.52 214.38 211.13 211.18
1.4698613412462649 214.22 214.62 214.965 215.5 214.99 214.93 215.52 214.38 211.13 211.18
1.4698613412462649 214.22 214.62 214.965 215.5 214.99 214.93 215.52 214.38 211.13 211.18
1.4698613412462649 214.22 214.62 214.965 215.5 214.99 214.93 215.52 214.38 211.13 211.18
1.4698613412462649 214.22 214.62 214.965 215.5 214.99 214.93 215.52 214.38 211.13 211.18
1.4698613412462649 214.22 214.62 214.965 215.5 214.99 214.93 215.52 214.38 211.13 211.18
1.4698613412462649 214.22 214.62 214.965 215.5 214.99 214.93 215.52 214.38 211.13 211.18
1.4698613412462649 214.22 214.62 214.965 215.5 214.99 214.93 215.52 214.38 211.13 211.18
1.4698613412462649 214.22 214.62 214.965 215.5 214.99 214.93 215.52 214.38 211.13 211.18
1.4698613412462649 214.22 214.62 214.965 215.5 214.99 214.93 215.52 214.38 211.13 211.18
1.4698613412462649 214.22 214.62 214.965 215.5 214.99 214.93 215.52 214.38 211.13 211.18
1.4698613412462649 214.22 214.62 214.965 215.5 214.99 214.93 215.52 214.38 211.13 211.18
1.4698613412462649 214.22 214.62 214.965 215.5 214.99 214.93 215.52 214.38 211.13 211.18
1.4698613412462649 214.22 214.62 214.965 215.5 214.99 214.93 215.52 214.38 211.13 211.18
1.4698613412462649 214.22 214.62 214.965 215.5 214.99 214.93 215.52 214.38 211.13 211.18
1.4698613412462649 214.22 214.62 214.965 215.5 214.99 214.93 215.52 214.38 211.13 211.18
1.4698613412462649 214.22 214.62 214.965 215.5 214.99 214.93 215.52 214.38 211.13 211.18
1.4698613412462649 214.22 214.62 214.965 215.5 214.99 214.93 215.52 214.38 211.13 211.18
1.4698613412462649 214.22 214.62 214.965 215.5 214.99 214.93 215.52 214.38 211.13 211.18
1.4698613412462649 214.22 214.62 214.965 215.5 214.99 214.93 215.52 214.38 211.13 211.18
1.4698613412462649 214.22 214.62 214.965 215.5 214.99 214.93 215.52 214.38 211.13 211.18
1.4698613412462649 214.22 214.62 214.965 215.5 214.99 214.93 215.52 214.38 211.13 211.18
1.4698613412462649 214.22 214.62 214.965 215.5 214.99 214.93 215.52 214.38 211.13 211.18
1.4698613412462649 214.22 214.62 214.965 215.5 214.99 214.93 215.52 214.38 211.13 211.18
1.4698613412462649 214.22 214.62 214.965 215.5 214.99 214.93 215.52 214.38 211.13 211.18
1.4698613412462649 214.22 214.62 214.965 215.5 214.99 214.93 215.52 214.38 211.13 211.18
1.4698613412462649 214.22 214.62 214.965 215.5 214.99 214.93 215.52 214.38 211.13 211.18
1.4698613412462649 214.22 214.62 214.965 215.5 214.99 214.93 215.52 214.38 211.13 211.18
1.4698613412462649 214.22 214.62 214.965 215.5 214.99 214.93 215.52 214.38 211.13 211.18
1.4698613412462649 214.22 214.62 214.965 215.5 214.99 214.93 215.52 214.38 211.13 211.18
1.4698613412462649 214.22 214.62 214.965 215.5 214.99 214.93 215.52 214.38 211.13 211.18
1.4698613412462649 214.22 214.62 214.965 215.5 214.99 214.93 215.52 214.38 211.13 211.18
1.4698613412462649 214.22 214.62 214.965 215.5 214.99 214.93 215.52 214.38 211.13 211.18
1.4698613412462649 214.22 214.62 214.965 215.5 214.99 214.93 215.52 214.38 211.13 211.18
1.4698613412462649 214.22 214.62 214.965 215.5 214.99 214.93 215.52 214.38 211.13 211.18
1.4698613412462649 214.22 214.62 214.965 215.5 214.99 214.93 215.52 214.38 211.13 211.18
1.4698613412462649 214.22 214.62 214.965 215.5 214.99 214.93 215.52 214.38 211.13 211.18
1.4698613412462649 214.22 214.62 214.965 215.5 214.99 214.93 215.52 214.38 211.13 211.18
1.4698613412462649 214.22 214.62 214.965 215.5 214.99 214.93 215.52 214.38 211.13 211.18
1.4698613412462649 214.22 214.62 214.965 215.5 214.99 214.93 215.52 214.38 211.13 211.18
1.4698613412462649 214.22 214.62 214.965 215.5 214.99 214.93 215.52 214.38 211.13 211.18
1.4698613412462649 214.22 214.62 214.965 215.5 214.99 214.93 215.52 214.38 211.13 211.18
1.4698613412462649 214.22 214.62 214.965 215.5 214.99 214.93 215.52 214.38 211.13 211.18
1.4698613412462649 214.22 214.62 214.965 215.5 214.99 214.93 215.52 214.38 211.13 211.18
1.4698613412462649 214.22 214.62 214.965 215.5 214.99 214.93 215.52 214.38 211.13 211.18
1.4698613412462649 214.22 214.62 214.965 215.5 214.99 214.93 215.52 214.38 211.13 211.18
1.4698613412462649 214.22 214.62 214.965 215.5 214.99 214.93 215.52 214.38 211.13 211.18
1.4698613412462649 214.22 214.62 214.965 215.5 214.99 214.93 215.52 214.38 211.13 211.18
1.4698613412462649 214.22 214.62 214.965 215.5 214.99 214.93 215.52 214.38 211.13 211.18
1.4698613412462649 214.22 214.62 214.965 215.5 214.99 214.93 215.52 214.38 211.13 211.18
1.4698613412462649 214.22 214.62 214.965 215.5 214.99 214.93 215.52 214.38 211.13 211.18
1.4698613412462649 214.22 214.62 214.965 215.5 214.99 214.93 215.52 214.38 211.13 211.18
1.4698613412462649 214.22 214.62 214.965 215.5 214.99 214.93 215.52 214.38 211.13 211.18
1.4698613412462649 214.22 214.62 214.965 215.5 214.99 214.93 215.52 214.38 211.13 211.18
1.4698613412462649 214.22 214.62 214.965 215.5 214.99 214.93 215.52 214.38 211.13 211.18
1.4698613412462649 214.22 214.62 214.965 215.5 214.99 214.93 215.52 214.38 211.13 211.18
1.4698613412462649 214.22 214.62 214.965 215.5 214.99 214.93 215.52 214.38 211.13 211.18
1.4698613412462649 214.22 214.62 214.965 215.5 214.99 214.93 215.52 214.38 211.13 211.18
1.4698613412462649 214.22 214.62 214.965 215.5 214.99 214.93 215.52 214.38 211.13 211.18
1.4698613412462649 214.22 214.62 214.965 215.5 214.99 214.93 215.52 214.38 211.13 211.18
1.4698613412462649 214.22 214.62 214.965 215.5 214.99 214.93 215.52 214.38 211.13 211.18
1.4698613412462649 214.22 214.62 214.965 215.5 214.99 214.93 215.52 214.38 211.13 211.18
1.4698613412462649 214.22 214.62 214.965 215.5 214.99 214.93 215.52 214.38 211.13 211.18
1.4698613412462649 214.22 214.62 214.965 215.5 214.99 214.93 215.52 214.38 211.13 211.18
1.4698613412462649 214.22 214.62 214.965 215.5 214.99 214.93 215.52 214.38 211.13 211.18
1.4698613412462649 214.22 214.62 214.965 215.5 214.99 214.93 215.52 214.38 211.13 211.18
1.4698613412462649 214.22 214.62 214.965 215.5 214.99 214.93 215.52 214.38 211.13 211.18
1.4698613412462649 214.22 214.62 214.965 215.5 214.99 214.93 215.52 214.38 211.13 211.18
1.4698613412462649 214.22 214.62 214.965 215.5 214.99 214.93 215.52 214.38 211.13 211.18
1.4698613412462649 214.22 214.62 214.965 215.5 214.99 214.93 215.52 214.38 211.13 211.18
1.4698613412462649 214.22 214.62 214.965 215.5 214.99 214.93 215.52 214.38 211.13 211.18
1.4698613412462649 214.22 214.62 214.965 215.5 214.99 214.93 215.52 214.38 211.13 211.18
1.4698613412462649 214.22 214.62 214.965 215.5 214.99 214.93 215.52 214.38 211.13 211.18
1.4698613412462649 214.22 214.62 214.965 215.5 214.99 214.93 215.52 214.38 211.13 211.18
1.4698613412462649 214.22 214.62 214.965 215.5 214.99 214.93 215.52 214.38 211.13 211.18
1.4698613412462649 214.22 214.62 214.965 215.5 214.99 214.93 215.52 214.38 211.13 211.18
1.4698613412462649 214.22 214.62 214.965 215.5 214.99 214.93 215.52 214.38 211.13 211.18
1.4698613412462649 214.22 214.62 214.965 215.5 214.99 214.93 215.52 214.38 211.13 211.18
1.4698613412462649 214.22 214.62 214.965 215.5 214.99 214.93 215.52 214.38 211.13 211.18
1.4698613412462649 214.22 214.62 214.965 215.5 214.99 214.93 215.52 214.38 211.13 211.18
1.4698613412462649 214.22 214.62 214.965 215.5 214.99 214.93 215.52 214.38 211.13 211.18
1.4698613412462649 214.22 214.62 214.965 215.5 214.99 214.93 215.52 214.38 211.13 211.18
1.4698613412462649 214.22 214.62 214.965 215.5 214.99 214.93 215.52 214.38 211.13 211.18
1.4698613412462649 214.22 214.62 214.965 215.5 214.99 214.93 215.52 214.38 211.13 211.18
1.4698613412462649 214.22 214.62 214.965 215.5 214.99 214.93 215.52 214.38 211.13 211.18
1.4698613412462649 214.22 214.62 214.965 215.5 214.99 214.93 215.52 214.38 211.13 211.18
1.4698613412462649 214.22 214.62 214.965 215.5 214.99 214.93 215.52 214.38 211.13 211.18
1.4698613412462649 214.22 214.62 214.965 215.5 214.99 214.93 215.52 214.38 211.13 211.18
1.4698613412462649 214.22 214.62 214.965 215.5 214.99 214.93 215.52 214.38 211.13 211.18
1.4698613412462649 214.22 214.62 214.965 215.5 214.99 214.93 215.52 214.38 211.13 211.18
1.4698613412462649 214.22 214.62 214.965 215.5 214.99 214.93 215.52 214.38 211.13 211.18
1.4698613412462649 214.22 214.62 214.965 215.5 214.99 214.93 215.52 214.38 211.13 211.18
1.4698613412462649 214.22 214.62 214.965 215.5 214.99 214.93 215.52 214.38 211.13 211.18
1.4698613412462649 214.22 214.62 214.965 215.5 214.99 214.93 215.52 214.38 211.13 211.18
1.4698613412462649 214.22 214.62 214.965 215.5 214.99 214.93 215.52 214.38 211.13 211.18
1.4698613412462649 214.22 214.62 214.965 215.5 214.99 214.93 215.52 214.38 211.13 211.18
1.4698613412462649 214.22 214.62 214.965 215.5 214.99 214.93 215.52 214.38 211.13 211.18
1.4698613412462649 214.22 214.62 214.965 215.5 214.99 214.93 215.52 214.38 211.13 211.18
1.4698613412462649 214.22 214.62 214.965 215.5 214.99 214.93 215.52 214.38 211.13 211.18
1.4698613412462649 214.22 214.62 214.965 215.5 214.99 214.93 215.52 214.38 211.13 211.18
1.4698613412462649 214.22 214.62 214.965 215.5 214.99 214.93 215.52 214.38 211.13 211.18
1.4698613412462649 214.22 214.62 214.965 215.5 214.99 214.93 215.52 214.38 211.13 211.18
1.4698613412462649 214.22 214.62 214.965 215.5 214.99 214.93 215.52 214.38 211.13 211.18
1.4698613412462649 214.22 214.62 214.965 215.5 214.99 214.93 215.52 214.38 211.13 211.18
1.4698613412462649 214.22 214.62 214.965 215.5 214.99 214.93 215.52 214.38 211.13 211.18
1.4698613412462649 214.22 214.62 214.965 215.5 214.99 214.93 215.52 214.38 211.13 211.18
1.4698613412462649 214.22 214.62 214.965 215.5 214.99 214.93 215.52 214.38 211.13 211.18
1.4698613412462649 214.22 214.62 214.965 215.5 214.99 214.93 215.52 214.38 211.13 211.18
1.4698613412462649 214.22 214.62 214.965 215.5 214.99 214.93 215.52 214.38 211.13 211.18
1.4698613412462649 214.22 214.62 214.965 215.5 214.99 214.93 215.52 214.38 211.13 211.18
1.4698613412462649 214.22 214.62 214.965 215.5 214.99 214.93 215.52 214.38 211.13 211.18
1.4698613412462649 214.22 214.62 214.965 215.5 214.99 214.93 215.52 214.38 211.13 211.18
1.4698613412462649 214.22 214.62 214.965 215.5 214.99 214.93 215.52 214.38 211.13 211.18
1.4698613412462649 214.22 214.62 214.965 215.5 214.99 214.93 215.52 214.38 211.13 211.18
1.4698613412462649 214.22 214.62 214.965 215.5 214.99 214.93 215.52 214.38 211.13 211.18
1.4698613412462649 214.22 214.62 214.965 215.5 214.99 214.93 215.52 214.38 211.13 211.18
1.4698613412462649 214.22 214.62 214.965 215.5 214.99 214.93 215.52 214.38 211.13 211.18
1.4698613412462649 214.22 214.62 214.965 215.5 214.99 214.93 215.52 214.38 211.13 211.18
1.4698613412462649 214.22 214.62 214.965 215.5 214.99 214.93 215.52 214.38 211.13 211.18
1.4698613412462649 214.22 214.62 214.965 215.5 214.99 214.93 215.52 214.38 211.13 211.18
1.4698613412462649 214.22 214.62 214.965 215.5 214.99 214.93 215.52 214.38 211.13 211.18
1.4698613412462649 214.22 214.62 214.965 215.5 214.99 214.93 215.52 214.38 211.13 211.18
1.4698613412462649 214.22 214.62 214.965 215.5 214.99 214.93 215.52 214.38 211.13 211.18
1.4698613412462649 214.22 214.62 214.965 215.5 214.99 214.93 215.52 214.38 211.13 211.18
1.4698613412462649 214.22 214.62 214.965 215.5 214.99 214.93 215.52 214.38 211.13 211.18
1.4698613412462649 214.22 214.62 214.965 215.5 214.99 214.93 215.52 214.38 211.13 211.18
1.4698613412462649 214.22 214.62 214.965 215.5 214.99 214.93 215.52 214.38 211.13 211.18
1.4698613412462649 214.22 214.62 214.965 215.5 214.99 214.93 215.52 214.38 211.13 211.18
1.4698613412462649 214.22 214.62 214.965 215.5 214.99 214.93 215.52 214.38 211.13 211.18
1.4698613412462649 214.22 214.62 214.965 215.5 214.99 214.93 215.52 214.38 211.13 211.18
1.4698613412462649 214.22 214.62 214.965 215.5 214.99 214.93 215.52 214.38 211.13 211.18
1.4698613412462649 214.22 214.62 214.965 215.5 214.99 214.93 215.52 214.38 211.13 211.18
1.4698613412462649 214.22 214.62 214.965 215.5 214.99 214.93 215.52 214.38 211.13 211.18
1.4698613412462649 214.22 214.62 214.965 215.5 214.99 214.93 215.52 214.38 211.13 211.18
1.4698613412462649 214.22 214.62 214.965 215.5 214.99 214.93 215.52 214.38 211.13 211.18
1.4698613412462649 214.22 214.62 214.965 215.5 214.99 214.93 215.52 214.38 211.13 211.18
1.4698613412462649 214.22 214.62 214.965 215.5 214.99 214.93 215.52 214.38 211.13 211.18
1.4698613412462649 214.22 214.62 214.965 215.5 214.99 214.93 215.52 214.38 211.13 211.18
1.4698613412462649 214.22 214.62 214.965 215.5 214.99 214.93 215.52 214.38 211.13 211.18
1.4698613412462649 214.22 214.62 214.965 215.5 214.99 214.93 215.52 214.38 211.13 211.18
1.4698613412462649 214.22 214.62 214.965 215.5 214.99 214.93 215.52 214.38 211.13 211.18
1.4698613412462649 214.22 214.62 214.965 215.5 214.99 214.93 215.52 214.38 211.13 211.18
1.4698613412462649 214.22 214.62 214.965 215.5 214.99 214.93 215.52 214.38 211.13 211.18
1.4698613412462649 214.22 214.62 214.965 215.5 214.99 214.93 215.52 214.38 211.13 211.18
1.4698613412462649 214.22 214.62 214.965 215.5 214.99 214.93 215.52 214.38 211.13 211.18
1.4698613412462649 214.22 214.62 214.965 215.5 214.99 214.93 215.52 214.38 211.13 211.18
1.4698613412462649 214.22 214.62 214.965 215.5 214.99 214.93 215.52 214.38 211.13 211.18
1.4698613412462649 214.22 214.62 214.965 215.5 214.99 214.93 215.52 214.38 211.13 211.18
1.4698613412462649 214.22 214.62 214.965 215.5 214.99 214.93 215.52 214.38 211.13 211.18
1.4698613412462649 214.22 214.62 214.965 215.5 214.99 214.93 215.52 214.38 211.13 211.18
1.4698613412462649 214.22 214.62 214.965 215.5 214.99 214.93 215.52 214.38 211.13 211.18
1.4698613412462649 214.22 214.62 214.965 215.5 214.99 214.93 215.52 214.38 211.13 211.18
1.4698613412462649 214.22 214.62 214.965 215.5 214.99 214.93 215.52 214.38 211.13 211.18
1.4698613412462649 214.22 214.62 214.965 215.5 214.99 214.93 215.52 214.38 211.13 211.18
1.4698613412462649 214.22 214.62 214.965 215.5 214.99 214.93 215.52 214.38 211.13 211.18
1.4698613412462649 214.22 214.62 214.965 215.5 214.99 214.93 215.52 214.38 211.13 211.18
1.4698613412462649 214.22 214.62 214.965 215.5 214.99 214.93 215.52 214.38 211.13 211.18
1.4698613412462649 214.22 214.62 214.965 215.5 214.99 214.93 215.52 214.38 211.13 211.18
1.4698613412462649 214.22 214.62 214.965 215.5 214.99 214.93 215.52 214.38 211.13 211.18
1.4698613412462649 214.22 214.62 214.965 215.5 214.99 214.93 215.52 214.38 211.13 211.18
1.4698613412462649 214.22 214.62 214.965 215.5 214.99 214.93 215.52 214.38 211.13 211.18
